$object "" {
 #version 1.0
 #tag MergeMeshes "1"
 #tag Coords "XZY"
 #tag Scale "1.000000"
 $node "Scene_Root" {
  $frame {
    1 0 0
    0 1 0
    0 0 1
    0 0 0
   
  }
  $node "Root" {
   $frame {
     1 0 0
     0 0 -1
     0 1 0
     0 0 0
    
   }
   $node "Hips" {
    $frame {
      -1 0 0
      0 0 1
      0 1 0
      0 -0.0202228 0.9345499
     
    }
    $node "Spine1" {
     $frame {
       1 0 0
       0 0.99713 0.07574
       0 -0.07574 0.99713
       0 0.0493678 0.0047664
      
     }
     $node "Spine2" {
      $frame {
        1 0 0
        0.00001 0.99392 -0.11014
        0 0.11014 0.99392
        -0 0.0536369 -0.0000001
       
      }
      $node "Spine3" {
       $frame {
         1 0 0
         0 0.99811 -0.06142
         -0 0.06142 0.99811
         -0 0.0458295 0
        
       }
       $node "Spine4" {
        $frame {
          1 0 0
          0 0.97973 -0.20034
          0 0.20034 0.97973
          0 0.0556613 -0.0000003
         
        }
        $node "Spine5" {
         $frame {
           1 0 0
           -0 0.98035 0.19729
           0 -0.19729 0.98035
           -0.0000001 0.0526616 0.0088676
          
         }
         $node "Neck1" {
          $frame {
            -1 0 0
            -0 0.94466 0.32805
            0.00001 0.32805 -0.94466
            0 0.2903171 -0.0000001
           
          }
          $node "Neck2" {
           $frame {
             1 0 0
             -0 0.99845 0.0557
             0 -0.0557 0.99845
             -0 0.0499385 0.0000001
            
           }
           $node "Neck3" {
            $frame {
              1 0 0
              0 0.99619 0.08716
              -0 -0.08716 0.99619
              -0 0.0479006 -0
             
            }
            $node "Head" {
             $frame {
               1 0 0
               -0 0.99576 0.09199
               0 -0.09199 0.99576
               -0 0.0422717 0.0020537
              
             }
             $node "EyeLeft" {
              $frame {
                1 0 0
                0 0 -1
                0 1 0
                0.0318346 0.0731659 -0.07922
               
              }
              $node "EyeLeftPupil" {
               $frame {
                 1 0 0
                 0 1 0
                 0 0 1
                 0 0.0103603 -0
                
               }
              }
             }
             $node "FacialLipUpperMiddle" {
              $frame {
                1 0 0
                0 1 0
                0 0 1
                0.0001943 0.0092915 -0.1168641
               
              }
             }
             $node "FacialLipLowerMiddle" {
              $frame {
                1 0 0
                0 1 0
                0 0 1
                0.0001901 -0.0063141 -0.1152788
               
              }
             }
             $node "LeftFacialLipLower" {
              $frame {
                -1 0 0
                0 0 1
                0 1 0
                0.0147768 -0.0049179 -0.1131778
               
              }
             }
             $node "LeftFacialLipUpper" {
              $frame {
                -1 0 0
                0 0 1
                0 1 0
                0.0171827 0.0077863 -0.1117122
               
              }
             }
             $node "LeftFacialLipCorner" {
              $frame {
                -1 0 0
                0 0 1
                0 1 0
                0.0278492 0.0032416 -0.1035587
               
              }
             }
             $node "LeftFacialChin" {
              $frame {
                -1 0 0
                0 0 1
                0 1 0
                0.0239199 -0.0193953 -0.1062373
               
              }
             }
             $node "LeftFacialCheekLower" {
              $frame {
                -1 0 0
                0 0 1
                0 1 0
                0.0433714 -0.0035531 -0.0920404
               
              }
             }
             $node "LeftFacialCheekMiddle" {
              $frame {
                -1 0 0
                0 0 1
                0 1 0
                0.0437669 0.0175722 -0.0943792
               
              }
             }
             $node "LeftFacialNoseCorner" {
              $frame {
                -1 0 0
                0 0 1
                0 1 0
                0.0184775 0.032068 -0.1038481
               
              }
             }
             $node "LeftFacialCheekUpper" {
              $frame {
                -1 0 0
                0 0 1
                0 1 0
                0.0527377 0.0492018 -0.0884866
               
              }
             }
             $node "LeftFacialEyelidLowerOuter" {
              $frame {
                -1 0 0
                0 0 1
                0 1 0
                0.0430919 0.0663504 -0.0873411
               
              }
             }
             $node "LeftFacialEyelidLowerMiddle" {
              $frame {
                -1 0 0
                0 0 1
                0 1 0
                0.0335557 0.0649861 -0.0922928
               
              }
             }
             $node "LeftFacialEyelidLowerInner" {
              $frame {
                -1 0 0
                0 0 1
                0 1 0
                0.0224618 0.0667218 -0.0915095
               
              }
             }
             $node "LeftFacialEyelidUpperMiddle" {
              $frame {
                -1 0 0
                0 0 1
                0 1 0
                0.0332486 0.0797397 -0.0921424
               
              }
             }
             $node "LeftFacialEyelidUpperInner" {
              $frame {
                -1 0 0
                0 0 1
                0 1 0
                0.0229146 0.0764203 -0.0913735
               
              }
             }
             $node "LeftFacialEyelidUpperOuter" {
              $frame {
                -1 0 0
                0 0 1
                0 1 0
                0.0422169 0.0777935 -0.0878031
               
              }
             }
             $node "LeftFacialEyebrowOuter" {
              $frame {
                -1 0 0
                0 0 1
                0 1 0
                0.0479293 0.0958086 -0.0905447
               
              }
             }
             $node "LeftFacialEyebrowInner" {
              $frame {
                -1 0 0
                0 0 1
                0 1 0
                0.0139697 0.0955606 -0.1089394
               
              }
             }
             $node "FacialJaw" {
              $frame {
                -0.00001 -0.43849 -0.89874
                1 0 0
                -0 -0.89874 0.43849
                0.0000038 0.0050634 -0.0257212
               
              }
              $node "FacialChinMiddle" {
               $frame {
                 1 0 0
                 0 1 0
                 0 0 1
                 0.0959994 -0 0.0000007
                
               }
              }
              $node "FacialTongueBase" {
               $frame {
                 0.81915 0 -0.57358
                 0 1 0
                 0.57358 -0 0.81915
                 0.0272026 -0 0
                
               }
               $node "FacialTongueMiddle" {
                $frame {
                  1 0 0
                  0 1 0
                  0 0 1
                  0.0218028 -0 -0.0000005
                 
                }
                $node "FacialTongueTip" {
                 $frame {
                   1 0 0
                   0 1 0
                   0 0 1
                   0.0218028 -0 0
                  
                 }
                }
               }
              }
             }
             $node "RightFacialLipLower" {
              $frame {
                -0.9993 -0 -0.03737
                0.03737 -0 -0.9993
                0 -1 0
                -0.0157031 -0.0061665 -0.1105677
               
              }
             }
             $node "RightFacialLipUpper" {
              $frame {
                -0.9993 0 -0.03737
                0.03737 -0 -0.9993
                0 -1 0
                -0.0171838 0.0077877 -0.1090778
               
              }
             }
             $node "RightFacialLipCorner" {
              $frame {
                -0.9993 -0 -0.03737
                0.03737 -0 -0.9993
                0 -1 0
                -0.0268849 0.0020284 -0.100047
               
              }
             }
             $node "RightFacialChin" {
              $frame {
                -1 0 0
                0 0 -1
                0 -1 0
                -0.0239212 -0.0193928 -0.0992913
               
              }
             }
             $node "RightFacialCheekLower" {
              $frame {
                -0.99931 -0 -0.03725
                0.03725 -0 -0.99931
                0 -1 0
                -0.0433726 -0.0035528 -0.0837368
               
              }
             }
             $node "RightFacialCheekMiddle" {
              $frame {
                -0.99931 -0 -0.03725
                0.03725 -0 -0.99931
                0 -1 0
                -0.0437677 0.0175679 -0.0902205
               
              }
             }
             $node "RightFacialCheekUpper" {
              $frame {
                -0.99931 -0 -0.03725
                0.03725 -0 -0.99931
                0 -1 0
                -0.052738 0.0491979 -0.0835034
               
              }
             }
             $node "RightFacialEyelidLowerOuter" {
              $frame {
                -1 0 0
                0 0 -1
                0 -1 0
                -0.0430919 0.0663472 -0.0856118
               
              }
             }
             $node "RightFacialEyelidLowerMiddle" {
              $frame {
                -1 0 0
                0 0 -1
                0 -1 0
                -0.0335559 0.064987 -0.0915914
               
              }
             }
             $node "RightFacialEyelidLowerInner" {
              $frame {
                -1 0 0
                0 0 -1
                0 -1 0
                -0.0224619 0.066717 -0.0908175
               
              }
             }
             $node "RightFacialEyelidUpperOuter" {
              $frame {
                -1 0 0
                0 0 -1
                0 -1 0
                -0.0422168 0.0777968 -0.087075
               
              }
             }
             $node "RightFacialEyelidUpperMiddle" {
              $frame {
                -1 0 0
                0 0 -1
                0 -1 0
                -0.0332486 0.0789377 -0.0921422
               
              }
             }
             $node "RightFacialEyelidUpperInner" {
              $frame {
                -1 0 0
                0 0 -1
                0 -1 0
                -0.0229145 0.0764169 -0.091189
               
              }
             }
             $node "EyeRight" {
              $frame {
                1 0 0
                0 0 -1
                0 1 0
                -0.0316093 0.0727791 -0.0788642
               
              }
              $node "EyeRightPupil" {
               $frame {
                 1 0 0
                 0 1 0
                 0 0 1
                 0.0000002 0.010363 0
                
               }
              }
             }
             $node "RightFacialEyebrowOuter" {
              $frame {
                -0.99931 0 -0.03725
                0.03725 -0 -0.99931
                0 -1 0
                -0.0479289 0.0958076 -0.0891675
               
              }
             }
             $node "RightFacialEyebrowInner" {
              $frame {
                -0.9993 0 -0.03737
                0.03737 -0 -0.9993
                0 -1 0
                -0.0139695 0.0955579 -0.1089393
               
              }
             }
             $node "RightFacialNoseCorner" {
              $frame {
                -0.9993 0 -0.03737
                0.03737 -0 -0.9993
                0 -1 0
                -0.0185976 0.0320676 -0.1026717
               
              }
             }
            }
           }
          }
         }
         $node "LeftPectoral" {
          $frame {
            0.11142 -0.98907 -0.0966
            -0.00632 -0.09791 0.99518
            -0.99375 -0.11027 -0.01716
            -0.0891124 0.1712524 0.1053701
           
          }
         }
         $node "RightPectoral" {
          $frame {
            -0.0063 0.09791 -0.99518
            -0.11143 -0.98907 -0.0966
            -0.99375 0.11029 0.01715
            0.0891105 0.1712505 0.1053713
           
          }
         }
         $node "LeftShoulderBlade" {
          $frame {
            0.00894 0.09768 -0.99518
            -0.15686 0.98303 0.09508
            0.98758 0.15525 0.02411
            -0.1084672 0.2319708 -0.1238644
           
          }
         }
         $node "RightShoulderBlade" {
          $frame {
            -0.00892 0.09768 -0.99518
            0.15685 0.98303 0.09508
            0.98758 -0.15525 -0.02409
            0.1084687 0.231968 -0.1238628
           
          }
         }
         $node "RightShoulder" {
          $frame {
            0.05801 -0.08426 0.99475
            -0.99811 0.01545 0.05952
            -0.02038 -0.99632 -0.08321
            0.0624973 0.2354603 -0.0243256
           
          }
          $node "RightArm" {
           $frame {
             0.99831 0.03104 0.0491
             0.01449 0.68539 -0.72803
             -0.05625 0.72752 0.68378
             -0.0010962 -0.1093654 -0.0026129
            
           }
           $node "RightArmTwist" {
            $frame {
              1 0 0
              0 1 0
              0 0 1
              0.0000006 -0.14152 0.0000034
             
            }
            $node "RightForeArm" {
             $frame {
               -0.02424 0.0251 0.99939
               -0.64238 0.7656 -0.03481
               -0.766 -0.64283 -0.00244
               -0.0000009 -0.1442244 -0.0000044
              
             }
             $node "RightForeArmTwist" {
              $frame {
                1 0 0
                0 1 0
                0 0 1
                0.0000017 -0.1356329 0.0000033
               
              }
              $node "RightHand" {
               $frame {
                 -0.33994 0.19352 -0.92032
                 0.20794 0.96985 0.12712
                 0.91717 -0.14816 -0.36993
                 0.0000089 -0.1343703 0.0000023
                
               }
               $node "RightHandMiddle1" {
                $frame {
                  0.99795 0.05258 -0.03635
                  -0.05336 0.99836 -0.0207
                  0.0352 0.0226 0.99912
                  0.0112445 -0.0271382 -0.0031551
                 
                }
                $node "RightHandMiddle2" {
                 $frame {
                   0.99829 0.05638 0.01528
                   -0.05525 0.99626 -0.06645
                   -0.01897 0.06549 0.99767
                   -0.0000026 -0.0791413 0.0000012
                  
                 }
                 $node "RightHandMiddle3" {
                  $frame {
                    0.99945 -0.03094 0.01162
                    0.02795 0.60367 -0.79674
                    0.01764 0.79663 0.60421
                    0.0000007 -0.0399416 -0.0000009
                   
                  }
                  $node "RightHandMiddle4" {
                   $frame {
                     0.99064 0.12864 -0.04564
                     -0.1361 0.90526 -0.40247
                     -0.01046 0.40492 0.91429
                     0.0000027 -0.0297475 0.0000009
                    
                   }
                   $node "RightHandMiddle5" {
                    $frame {
                      1 0 0
                      0 1 0
                      0 0 1
                      -0.0000003 -0.023195 -0
                     
                    }
                   }
                  }
                 }
                }
               }
               $node "RightHandRing1" {
                $frame {
                  0.99233 -0.00632 -0.12346
                  0.0041 0.99982 -0.01826
                  0.12356 0.01761 0.99218
                  -0.0038714 -0.0276416 -0.0019884
                 
                }
                $node "RightHandRing2" {
                 $frame {
                   1 0 0
                   0 0.98368 -0.17991
                   -0 0.17991 0.98368
                   -0.0000001 -0.0786278 -0
                  
                 }
                 $node "RightHandRing3" {
                  $frame {
                    1 0 0
                    -0 0.47815 -0.87828
                    -0 0.87828 0.47815
                    -0.0000006 -0.0334233 -0.0000006
                   
                  }
                  $node "RightHandRing4" {
                   $frame {
                     1 0 0
                     -0 0.92801 -0.37254
                     0 0.37254 0.92801
                     0.0000003 -0.0314664 0.0000011
                    
                   }
                   $node "RightHandRing5" {
                    $frame {
                      1 0 0
                      0 1 0
                      0 0 1
                      0.0000002 -0.0250341 0.0000001
                     
                    }
                   }
                  }
                 }
                }
               }
               $node "RightHandPinky1" {
                $frame {
                  0.99822 -0.05947 0.00475
                  0.05966 0.99498 -0.08038
                  0.00006 0.08053 0.99675
                  -0.0255408 -0.0277061 0.0012634
                 
                }
                $node "RightHandPinky2" {
                 $frame {
                   0.95068 -0.16263 -0.26413
                   0.15396 0.98664 -0.05334
                   0.26928 0.01004 0.96301
                   0.0000001 -0.0714943 -0.0000002
                  
                 }
                 $node "RightHandPinky3" {
                  $frame {
                    1 0 0
                    0.00953 0.57219 -0.82007
                    -0.00665 0.82012 0.57215
                    -0.0000002 -0.0272489 0.0000003
                   
                  }
                  $node "RightHandPinky4" {
                   $frame {
                     0.99558 0.09395 0
                     -0.07878 0.83477 -0.54493
                     -0.0512 0.54252 0.83848
                     0.0000003 -0.022598 -0.0000001
                    
                   }
                   $node "RightHandPinky5" {
                    $frame {
                      1 0 0
                      0 1 0
                      0 0 1
                      -0.0000001 -0.0225095 -0.0000002
                     
                    }
                   }
                  }
                 }
                }
               }
               $node "RightHandIndex1" {
                $frame {
                  0.96548 0.1475 0.21467
                  -0.14729 0.98895 -0.01709
                  -0.21482 -0.01512 0.97654
                  0.0266601 -0.0269263 0.0003023
                 
                }
                $node "RightHandIndex2" {
                 $frame {
                   0.9609 0.27688 -0
                   -0.27513 0.95482 0.11236
                   0.03111 -0.10797 0.99367
                   -0.0000001 -0.0717291 -0.0000001
                  
                 }
                 $node "RightHandIndex3" {
                  $frame {
                    1 0 0
                    0 0.70373 -0.71046
                    -0 0.71046 0.70373
                    -0.0000004 -0.0380918 0.0000001
                   
                  }
                  $node "RightHandIndex4" {
                   $frame {
                     1 0 0
                     0 0.86052 -0.50942
                     0 0.50942 0.86052
                     0.0000014 -0.0254172 -0.0000005
                    
                   }
                   $node "RightHandIndex5" {
                    $frame {
                      1 0 0
                      0 1 0
                      0 0 1
                      0 -0.025971 0.0000003
                     
                    }
                   }
                  }
                 }
                }
               }
               $node "RightHandThumb1" {
                $frame {
                  0.07687 0.41564 0.90627
                  -0.30438 0.87535 -0.37565
                  -0.94944 -0.24698 0.1938
                  0.0107151 0.0063777 0.0053703
                 
                }
                $node "RightHandThumb2" {
                 $frame {
                   1 0 0
                   -0 0.87844 0.47785
                   -0 -0.47785 0.87844
                   -0.0000006 -0.0316078 -0.0000016
                  
                 }
                 $node "RightHandThumb3" {
                  $frame {
                    1 0 0
                    0 0.87571 -0.48284
                    0 0.48284 0.87571
                    -0.0000015 -0.0461262 -0.0000048
                   
                  }
                  $node "RightHandThumb4" {
                   $frame {
                     1 0 0
                     0 0.99804 -0.06261
                     0 0.06261 0.99804
                     -0 -0.0318684 0.0000012
                    
                   }
                   $node "RightHandThumb5" {
                    $frame {
                      1 0 0
                      0 1 0
                      0 0 1
                      -0.0000011 -0.0334458 -0.0000002
                     
                    }
                   }
                  }
                 }
                }
               }
               $node "RightHandInbetween" {
                $frame {
                  0.99006 0.13981 -0.01535
                  -0.14064 0.9857 -0.0928
                  0.00215 0.09404 0.99557
                  0.0419749 -0.0639501 0.0249351
                 
                }
               }
               $node "RightHandProp" {
                $frame {
                  -0.62061 0.69704 -0.35914
                  0.75332 0.40291 -0.51978
                  -0.21761 -0.59313 -0.77514
                  0.1475804 -0.0064497 -0.5095053
                 
                }
               }
              }
              $node "RightHandUpperVolume" {
               $frame {
                 -0.33994 0.19352 -0.92032
                 0.20794 0.96985 0.12712
                 0.91717 -0.14816 -0.36993
                 -0.0000011 -0.1343659 0.0000001
                
               }
              }
              $node "RightHandLowerVolume" {
               $frame {
                 -0.33994 0.19352 -0.92032
                 0.20794 0.96985 0.12712
                 0.91717 -0.14816 -0.36993
                 0.0000061 -0.1343695 0.0000021
                
               }
              }
             }
             $node "RightForeArmVolume" {
              $frame {
                0.69848 -0.45984 -0.54833
                0.25309 0.87544 -0.41176
                0.66938 0.14883 0.72786
                0 0 0
               
              }
             }
            }
           }
           $node "RightArmVolume" {
            $frame {
              1 0 0
              0 1 0
              0 0 1
              0 0 0
             
            }
           }
          }
         }
         $node "LeftShoulder" {
          $frame {
            0.0579 0.08426 -0.99476
            -0.99811 -0.01547 -0.0594
            -0.02039 0.99632 0.08321
            -0.0625002 0.2354591 -0.0243258
           
          }
          $node "LeftArm" {
           $frame {
             0.99832 0.03092 0.0491
             0.01458 0.68538 -0.72804
             -0.05616 0.72753 0.68378
             0.0011089 0.1093659 0.0026186
            
           }
           $node "LeftArmTwist" {
            $frame {
              1 0 0
              0 1 0
              0 0 1
              -0.0000006 0.1415194 -0.0000013
             
            }
            $node "LeftForeArm" {
             $frame {
               -0.02424 0.0251 0.99939
               -0.64238 0.76559 -0.03481
               -0.766 -0.64284 -0.00243
               0.0000007 0.1442246 0.0000036
              
             }
             $node "LeftForeArmTwist" {
              $frame {
                1 0 0
                0 1 0
                0 0 1
                0.0000001 0.1356332 -0.0000037
               
              }
              $node "LeftHand" {
               $frame {
                 -0.33994 0.19351 -0.92032
                 0.20794 0.96985 0.12712
                 0.91717 -0.14816 -0.36993
                 -0.0000093 0.1343702 -0.0000025
                
               }
               $node "LeftHandProp" {
                $frame {
                  -0.62061 0.69704 -0.35914
                  -0.75332 -0.40291 0.51978
                  0.2176 0.59313 0.77514
                  -0.1601769 -0.0126058 0.4776763
                 
                }
               }
               $node "LeftHandInbetween" {
                $frame {
                  0.99006 0.13981 -0.01535
                  -0.14063 0.9857 -0.0928
                  0.00215 0.09404 0.99557
                  -0.0415691 0.0642527 -0.0247454
                 
                }
               }
               $node "LeftHandMiddle1" {
                $frame {
                  0.99795 0.05258 -0.03635
                  -0.05335 0.99836 -0.0207
                  0.0352 0.0226 0.99912
                  -0.0112447 0.0271376 0.0031501
                 
                }
                $node "LeftHandMiddle2" {
                 $frame {
                   0.99829 0.05638 0.01528
                   -0.05525 0.99626 -0.06645
                   -0.01897 0.06549 0.99767
                   0.0000032 0.079141 -0.0000016
                  
                 }
                 $node "LeftHandMiddle3" {
                  $frame {
                    0.99945 -0.03094 0.01162
                    0.02795 0.60367 -0.79674
                    0.01764 0.79663 0.60421
                    -0.0000006 0.0399419 -0.0000011
                   
                  }
                  $node "LeftHandMiddle4" {
                   $frame {
                     0.99064 0.12864 -0.04564
                     -0.1361 0.90526 -0.40247
                     -0.01046 0.40492 0.91429
                     -0.0000027 0.0297475 0.0000005
                    
                   }
                   $node "LeftHandMiddle5" {
                    $frame {
                      1 0 0
                      0 1 0
                      0 0 1
                      -0.0000003 0.0231955 0.0000004
                     
                    }
                   }
                  }
                 }
                }
               }
               $node "LeftHandRing1" {
                $frame {
                  0.99233 -0.00632 -0.12346
                  0.0041 0.99982 -0.01826
                  0.12356 0.01761 0.99218
                  0.0038712 0.0276406 0.0019826
                 
                }
                $node "LeftHandRing2" {
                 $frame {
                   1 0 0
                   0 0.98368 -0.17991
                   0 0.17991 0.98368
                   -0.0000003 0.0786276 0.0000025
                  
                 }
                 $node "LeftHandRing3" {
                  $frame {
                    1 0 0
                    0 0.47815 -0.87828
                    -0 0.87828 0.47815
                    -0 0.0334233 -0.000001
                   
                  }
                  $node "LeftHandRing4" {
                   $frame {
                     1 0 0
                     -0 0.92801 -0.37254
                     0 0.37254 0.92801
                     0.0000001 0.0314673 0.0000002
                    
                   }
                   $node "LeftHandRing5" {
                    $frame {
                      1 0 0
                      0 1 0
                      0 0 1
                      -0.0000002 0.0250338 -0.0000001
                     
                    }
                   }
                  }
                 }
                }
               }
               $node "LeftHandPinky1" {
                $frame {
                  0.99822 -0.05947 0.00475
                  0.05966 0.99498 -0.08039
                  0.00005 0.08053 0.99675
                  0.0255403 0.0277049 -0.0012667
                 
                }
                $node "LeftHandPinky2" {
                 $frame {
                   0.95068 -0.16263 -0.26413
                   0.15396 0.98664 -0.05334
                   0.26928 0.01004 0.96301
                   0.0000006 0.0714943 -0.0000021
                  
                 }
                 $node "LeftHandPinky3" {
                  $frame {
                    1 0 0
                    0.00953 0.57219 -0.82007
                    -0.00665 0.82012 0.57215
                    -0.0000002 0.0272487 0.0000065
                   
                  }
                  $node "LeftHandPinky4" {
                   $frame {
                     0.99558 0.09395 0
                     -0.07878 0.83477 -0.54493
                     -0.0512 0.54252 0.83848
                     -0.0000006 0.0225987 -0.0000029
                    
                   }
                   $node "LeftHandPinky5" {
                    $frame {
                      1 0 0
                      0 1 0
                      0 0 1
                      -0.0000002 0.0225096 0.0000006
                     
                    }
                   }
                  }
                 }
                }
               }
               $node "LeftHandIndex1" {
                $frame {
                  0.96548 0.1475 0.21467
                  -0.14729 0.98895 -0.01709
                  -0.21482 -0.01512 0.97654
                  -0.02666 0.0269263 -0.0003048
                 
                }
                $node "LeftHandIndex2" {
                 $frame {
                   0.9609 0.27688 0
                   -0.27513 0.95482 0.11236
                   0.03111 -0.10797 0.99367
                   0.0000002 0.0717276 -0.0000052
                  
                 }
                 $node "LeftHandIndex3" {
                  $frame {
                    1 0 0
                    -0 0.70373 -0.71046
                    0 0.71046 0.70373
                    -0 0.0380922 0.0000009
                   
                  }
                  $node "LeftHandIndex4" {
                   $frame {
                     1 0 0
                     -0 0.86052 -0.50942
                     0 0.50942 0.86052
                     -0.0000014 0.0254169 0.0000043
                    
                   }
                   $node "LeftHandIndex5" {
                    $frame {
                      1 0 0
                      0 1 0
                      0 0 1
                      0.0000013 0.0259708 -0.0000004
                     
                    }
                   }
                  }
                 }
                }
               }
               $node "LeftHandThumb1" {
                $frame {
                  0.07687 0.41564 0.90627
                  -0.30438 0.87535 -0.37564
                  -0.94944 -0.24698 0.1938
                  -0.010715 -0.0063784 -0.0053726
                 
                }
                $node "LeftHandThumb2" {
                 $frame {
                   1 0 0
                   0 0.87844 0.47785
                   0 -0.47785 0.87844
                   -0.000001 0.0316084 0.0000012
                  
                 }
                 $node "LeftHandThumb3" {
                  $frame {
                    1 0 0
                    -0 0.87571 -0.48284
                    -0 0.48284 0.87571
                    -0.0000027 0.0461262 0.0000046
                   
                  }
                  $node "LeftHandThumb4" {
                   $frame {
                     1 0 0
                     -0 0.99804 -0.06261
                     0 0.06261 0.99804
                     0.0000005 0.0318685 -0.0000017
                    
                   }
                   $node "LeftHandThumb5" {
                    $frame {
                      1 0 0
                      0 1 0
                      0 0 1
                      -0.0000005 0.033448 -0.0000059
                     
                    }
                   }
                  }
                 }
                }
               }
              }
              $node "LeftHandUpperVolume" {
               $frame {
                 -0.33994 0.19351 -0.92032
                 0.20794 0.96985 0.12712
                 0.91717 -0.14816 -0.36993
                 0.0000002 0.1343656 -0
                
               }
              }
              $node "LeftHandLowerVolume" {
               $frame {
                 -0.33994 0.19351 -0.92032
                 0.20794 0.96985 0.12712
                 0.91717 -0.14816 -0.36993
                 -0.0000098 0.1343703 -0.0000029
                
               }
              }
             }
             $node "LeftForeArmVolume" {
              $frame {
                0.69848 -0.45984 -0.54833
                0.25309 0.87544 -0.41177
                0.66938 0.14884 0.72786
                0 0 0
               
              }
             }
            }
           }
           $node "LeftArmVolume" {
            $frame {
              0.99958 0.00729 -0.02809
              0.00445 0.91794 0.3967
              0.02868 -0.39666 0.91752
              0 0 0
             
            }
           }
          }
         }
        }
        $node "Stomach3" {
         $frame {
           -1 0 0
           -0.00001 -0.29334 0.95601
           -0 0.95601 0.29334
           -0.0000009 -0.0118887 0.1142582
          
         }
        }
       }
       $node "Stomach2" {
        $frame {
          -1 0 0
          -0.00001 -0.09586 0.99539
          -0 0.99539 0.09586
          -0.0000008 -0.009537 0.114175
         
        }
       }
      }
     }
     $node "Stomach1" {
      $frame {
        -1 0 0
        0 0.07574 0.99713
        -0 0.99713 -0.07574
        0 0.0272696 0.11018
       
      }
     }
    }
    $node "RightLegClothF" {
     $frame {
       0 0 1
       0 1 0
       -1 0 0
       0.103 -0.0178525 0.1073259
      
     }
    }
    $node "LeftLegClothF" {
     $frame {
       0 0 1
       0 1 0
       -1 0 0
       -0.102983 -0.0175562 0.1071642
      
     }
    }
    $node "RightLegClothB" {
     $frame {
       0 1 0
       0 0 1
       1 0 0
       0.103 -0.0178503 -0.0938737
      
     }
    }
    $node "LeftLegClothB" {
     $frame {
       0 1 0
       0 0 1
       1 0 0
       -0.103 -0.0178498 -0.093874
      
     }
    }
    $node "RightLeg" {
     $frame {
       -0.99678 -0.08007 -0.00403
       -0.08017 0.99552 0.0501
       -0 0.05026 -0.99874
       0.102571 -0.0161229 0.0010993
      
     }
     $node "RightLegTwist" {
      $frame {
        1 0 0
        0 1 0
        0 0 1
        -0.0000009 -0.2113343 0.0000001
       
      }
      $node "RightKnee" {
       $frame {
         0.99957 -0.02893 -0.00566
         0.02867 0.99875 -0.04091
         0.00684 0.04073 0.99915
         0.0000004 -0.2048683 0.0000001
        
       }
       $node "RightKneeTwist" {
        $frame {
          1 0 0
          0 1 0
          0 0 1
          -0.0000004 -0.1903771 0
         
        }
        $node "RightFoot" {
         $frame {
           0.98528 0.11124 -0.12978
           0.0689 0.4364 0.89711
           0.15643 -0.89285 0.42232
           0.0000003 -0.2178393 0.0000001
          
         }
         $node "RightToe" {
          $frame {
            1 0 0
            0.00057 0.86111 0.50842
            0 -0.50842 0.86111
            0.0000003 -0.1406008 0.0000006
           
          }
         }
        }
       }
       $node "RightKneeVolume" {
        $frame {
          1 0 0
          0 1 0
          0 0 1
          0 0 0
         
        }
       }
      }
     }
     $node "RightLegVolume" {
      $frame {
        1 0 0
        0 1 0
        0 0 1
        0 0 0
       
      }
     }
    }
    $node "LeftLeg" {
     $frame {
       -0.99678 0.08007 0.00403
       -0.08017 -0.99552 -0.05011
       -0 -0.05027 0.99874
       -0.102571 -0.016123 0.0010993
      
     }
     $node "LeftLegTwist" {
      $frame {
        1 0 0
        0 1 0
        0 0 1
        0.0000009 0.2113306 -0.0000002
       
      }
      $node "LeftKnee" {
       $frame {
         0.99957 -0.02893 -0.00567
         0.02867 0.99875 -0.04091
         0.00684 0.04073 0.99915
         -0.0000005 0.2048678 -0.0000004
        
       }
       $node "LeftKneeTwist" {
        $frame {
          1 0 0
          0 1 0
          0 0 1
          0.0000004 0.1903767 -0
         
        }
        $node "LeftFoot" {
         $frame {
           0.98528 0.11124 -0.12978
           0.0689 0.4364 0.89711
           0.15643 -0.89285 0.42231
           -0.0000006 0.2178394 -0.0000001
          
         }
         $node "LeftToe" {
          $frame {
            1 0 0
            0 0.86111 0.50843
            0 -0.50843 0.86111
            -0.0000001 0.1406005 0.0000002
           
          }
         }
        }
       }
       $node "LeftKneeVolume" {
        $frame {
          1 0 0
          0 1 0
          0 0 1
          0 0 0
         
        }
       }
      }
     }
     $node "LeftLegVolume" {
      $frame {
        1 0 0
        0 1 0
        0 0 1
        0 0 0
       
      }
     }
    }
   }
   $node "Collision" {
    $frame {
      1 0 0
      0 1 0
      0 0 1
      0 0 0
     
    }
   }
  }
 }
 $materials {
  $material "black" {
   #UVset 0
  }
  $material "white" {
   #UVset 0
  }
 }
 $lod 0 {
  #lodFactor 0.5
  $bones {
    "EyeLeft"
  }
  $mesh "CoolGlasses" {
   #texCoords 1
   $faces {
     0 3 0 1 2
     0 3 3 4 5
     0 3 6 7 8
     0 3 9 10 11
     0 3 12 13 14
     0 3 15 16 17
     0 3 18 19 20
     0 3 21 22 23
     0 3 24 25 26
     0 3 27 28 29
     0 3 30 31 32
     0 3 33 34 35
     0 3 36 37 38
     0 3 39 40 41
     0 3 42 43 44
     0 3 45 46 47
     0 3 48 49 50
     0 3 51 52 53
     0 3 54 55 56
     0 3 57 58 59
     0 3 60 61 62
     0 3 63 64 65
     0 3 66 67 68
     0 3 69 70 71
     0 3 72 73 74
     0 3 75 76 77
     0 3 78 79 80
     0 3 81 82 83
     0 3 84 85 86
     0 3 87 88 89
     0 3 90 91 92
     0 3 93 94 95
     0 3 96 97 98
     0 3 99 100 101
     0 3 102 103 104
     0 3 105 106 107
     0 3 108 109 110
     0 3 111 112 113
     0 3 114 115 116
     0 3 117 118 119
     0 3 120 121 122
     0 3 123 124 125
     0 3 126 127 128
     0 3 129 130 131
     0 3 132 133 134
     0 3 135 136 137
     0 3 138 139 140
     0 3 141 142 143
     0 3 144 145 146
     0 3 147 148 149
     0 3 150 151 152
     0 3 153 154 155
     0 3 156 157 158
     0 3 159 160 161
     0 3 162 163 164
     0 3 165 166 167
     0 3 168 169 170
     0 3 171 172 173
     0 3 174 175 176
     0 3 177 178 179
     0 3 180 181 182
     0 3 183 184 185
     0 3 186 187 188
     0 3 189 190 191
     0 3 192 193 194
     0 3 195 196 197
     0 3 198 199 200
     0 3 201 202 203
     0 3 204 205 206
     0 3 207 208 209
     0 3 210 211 212
     0 3 213 214 215
     0 3 216 217 218
     0 3 219 220 221
     0 3 222 223 224
     0 3 225 226 227
     0 3 228 229 230
     0 3 231 232 233
     0 3 234 235 236
     0 3 237 238 239
     0 3 240 241 242
     0 3 243 244 245
     0 3 246 247 248
     0 3 249 250 251
     0 3 252 253 254
     0 3 255 256 257
     0 3 258 259 260
     0 3 261 262 263
     0 3 264 265 266
     0 3 267 268 269
     0 3 270 271 272
     0 3 273 274 275
     0 3 276 277 278
