$object "" {
 #version 1.0
 #tag MergeMeshes "1"
 #tag Coords "XZY"
 #tag Scale "1.000000"
 $node "Scene_Root" {
  $frame {
    1 0 0
    0 1 0
    0 0 1
    0 0 0
   
  }
  $node "EntityPosition" {
   $frame {
     1 0 0
     0 0 -1
     0 1 0
     0 0 0
    
   }
  }
  $node "Root" {
   $frame {
     1 0 0
     0 0 -1
     0 1 0
     0 0 0
    
   }
   $node "LeftFoot_IK_Target" {
    $frame {
      0.99018 -0.1395 0.0091
      0.12493 0.85378 -0.50543
      0.06274 0.5016 0.86282
      0.180288 -0.077038 0.099989
     
    }
   }
   $node "LeftHand_IK_Target" {
    $frame {
      0.2176 -0.62061 -0.75332
      0.59311 0.69704 -0.40293
      0.77516 -0.35912 0.51977
      0.498315 0.072079 1.0458709
     
    }
   }
   $node "RightFoot_IK_Target" {
    $frame {
      0.99018 0.1395 -0.0091
      0.12493 -0.85378 0.50543
      0.06274 -0.5016 -0.86282
      -0.180289 -0.077035 0.099978
     
    }
   }
   $node "RightHand_IK_Target" {
    $frame {
      0.2176 0.62061 0.75332
      0.59311 -0.69704 0.40293
      0.77516 0.35912 -0.51977
      -0.498316 0.072078 1.045863
     
    }
   }
   $node "Spine_IK_Target" {
    $frame {
      -1 0 0
      -0 -0.099 0.99509
      -0 0.99509 0.099
      -0.000001 -0.025283 1.1915529
     
    }
   }
   $node "Hips" {
    $frame {
      -1 0 0
      0 0 1
      0 1 0
      0 -0.020222 0.93455
     
    }
    $node "LeftLeg" {
     $frame {
       -0.99678 0.0801 0.00402
       -0.0802 -0.99552 -0.05016
       -0.00002 -0.05032 0.99873
       -0.102571 -0.016123 0.001099
      
     }
     $node "LeftLegTwist" {
      $frame {
        1 0 0
        0 1 0
        0 0 1
        -0.000006 0.2113385 0.0000072
       
      }
      $node "LeftKnee" {
       $frame {
         0.99957 -0.02888 -0.00567
         0.02863 0.99876 -0.04081
         0.00684 0.04063 0.99915
         -0.0000067 0.2048755 0.0000062
        
       }
       $node "LeftKneeTwist" {
        $frame {
          1 0 0
          0 1 0
          0 0 1
          0.000005 0.1903872 -0.000005
         
        }
        $node "LeftFoot" {
         $frame {
           0.98528 0.11131 -0.12972
           0.06881 0.43642 0.89711
           0.15647 -0.89283 0.42234
           0.000005 0.2178516 -0.0000064
          
         }
         $node "LeftToe" {
          $frame {
            1 0 0
            0 0.86109 0.50846
            -0.00009 -0.50846 0.86109
            0.0000102 0.140596 -0.0000063
           
          }
         }
        }
       }
       $node "LeftKneeVolume" {
        $frame {
          1 0 0
          0 1 0
          0 0 1
          0 0 0
         
        }
       }
      }
     }
     $node "LeftLegVolume" {
      $frame {
        1 0 0
        0 1 0
        0 0 1
        0 0 0
       
      }
     }
    }
    $node "RightLegClothF" {
     $frame {
       0 0 1
       0 1 0
       -1 0 0
       0.103 -0.017853 0.107325
      
     }
    }
    $node "Spine1" {
     $frame {
       1 0 0
       0 0.99713 0.0757
       -0 -0.0757 0.99713
       0 0.049368 0.004766
      
     }
     $node "Stomach1" {
      $frame {
        -1 0 0
        0 0.0757 0.99713
        -0 0.99713 -0.0757
        -0 0.0272672 0.1101874
       
      }
     }
     $node "Spine2" {
      $frame {
        1 0 0
        0 0.99393 -0.11006
        -0 0.11006 0.99393
        -0 0.0536407 0.0000014
       
      }
      $node "Spine3" {
       $frame {
         1 0 0
         0 0.99811 -0.0615
         -0 0.0615 0.99811
         -0 0.0458295 -0.0000019
        
       }
       $node "Stomach2" {
        $frame {
          -1 0 0
          -0 -0.0959 0.99539
          -0 0.99539 0.0959
          0 -0.0095412 0.1141732
         
        }
       }
       $node "Spine4" {
        $frame {
          1 0 0
          0 0.97974 -0.20027
          -0 0.20027 0.97974
          0.000001 0.0556598 0.0000018
         
        }
        $node "Stomach3" {
         $frame {
           -1 0 0
           0 -0.29331 0.95602
           -0 0.95602 0.29331
           -0.000001 -0.0118854 0.1142636
          
         }
        }
        $node "Spine5" {
         $frame {
           1 0 0
           0 0.98036 0.19722
           0 -0.19722 0.98036
           -0 0.0526648 0.0088667
          
         }
         $node "LeftShoulder" {
          $frame {
            0.0579 0.0843 -0.99476
            -0.99811 -0.01548 -0.05941
            -0.02041 0.99632 0.08324
            -0.062498 0.235454 -0.0243162
           
          }
          $node "LeftArm" {
           $frame {
             0.99831 0.03095 0.04914
             0.01458 0.6854 -0.72802
             -0.05621 0.72751 0.68379
             0.0011068 0.1093683 0.0026201
            
           }
           $node "LeftArmVolume" {
            $frame {
              0.99958 0.00734 -0.02813
              0.00442 0.91798 0.3966
              0.02873 -0.39656 0.91756
              0 0 0
             
            }
           }
           $node "LeftArmTwist" {
            $frame {
              1 0 0
              0 1 0
              0 0 1
              0.000001 0.141521 0.0000045
             
            }
            $node "LeftForeArm" {
             $frame {
               -0.02422 0.02514 0.99939
               -0.64239 0.76558 -0.03483
               -0.76599 -0.64284 -0.00239
               0.000002 0.1442253 0.0000091
              
             }
             $node "LeftForeArmVolume" {
              $frame {
                0.69849 -0.45984 -0.54833
                0.25309 0.87544 -0.41176
                0.66937 0.14884 0.72787
                0 0 0
               
              }
             }
             $node "LeftForeArmTwist" {
              $frame {
                1 0 0
                0 1 0
                0 0 1
                0.000004 0.1356524 -0.0000056
               
              }
              $node "LeftHand" {
               $frame {
                 -0.33994 0.1935 -0.92033
                 0.20796 0.96984 0.1271
                 0.91717 -0.14819 -0.36993
                 -0.000006 0.1343901 -0.0000053
                
               }
               $node "LeftHandProp" {
                $frame {
                  -0.62062 0.69703 -0.35914
                  -0.75049 -0.39536 0.52959
                  0.22715 0.5982 0.76848
                  -0.1601466 -0.0126074 0.4777085
                 
                }
               }
               $node "LeftHandInbetween" {
                $frame {
                  0.99006 0.1398 -0.01532
                  -0.14062 0.9857 -0.0928
                  0.00212 0.09404 0.99557
                  -0.0415694 0.0642614 -0.0247452
                 
                }
               }
               $node "LeftHandMiddle1" {
                $frame {
                  0.99795 0.05264 -0.03637
                  -0.05342 0.99836 -0.0207
                  0.03522 0.0226 0.99912
                  -0.0112443 0.0271413 0.0031519
                 
                }
                $node "LeftHandMiddle2" {
                 $frame {
                   0.99829 0.05634 0.0153
                   -0.0552 0.99626 -0.06648
                   -0.01899 0.06552 0.99767
                   0.0000095 0.0791455 -0.0000001
                  
                 }
                 $node "LeftHandMiddle3" {
                  $frame {
                    0.99945 -0.03094 0.01162
                    0.02795 0.60366 -0.79675
                    0.01763 0.79664 0.60419
                    0.0000015 0.0399453 0.0000018
                   
                  }
                  $node "LeftHandMiddle4" {
                   $frame {
                     0.99063 0.12871 -0.04566
                     -0.13616 0.90527 -0.40244
                     -0.01046 0.40488 0.91431
                     -0.0000023 0.029745 0.0000037
                    
                   }
                   $node "LeftHandMiddle5" {
                    $frame {
                      1 0 0
                      0 1 0
                      0 0 1
                      -0.0000002 0.0231947 0.0000009
                     
                    }
                   }
                  }
                 }
                }
               }
               $node "LeftHandRing1" {
                $frame {
                  0.99233 -0.00629 -0.1235
                  0.00406 0.99982 -0.01828
                  0.12359 0.01764 0.99218
                  0.003872 0.0276451 0.001984
                 
                }
                $node "LeftHandRing2" {
                 $frame {
                   1 0 0
                   0.00004 0.98369 -0.17987
                   0.00007 0.17987 0.98369
                   0.0000054 0.0786326 0.0000074
                  
                 }
                 $node "LeftHandRing3" {
                  $frame {
                    1 0 0
                    0.00005 0.47812 -0.8783
                    -0.00008 0.8783 0.47812
                    0.0000004 0.0334241 0.0000002
                   
                  }
                  $node "LeftHandRing4" {
                   $frame {
                     1 0 0
                     0.00004 0.92802 -0.37252
                     0.00007 0.37252 0.92802
                     -0.0000004 0.0314687 0.0000023
                    
                   }
                   $node "LeftHandRing5" {
                    $frame {
                      1 0 0
                      0 1 0
                      0 0 1
                      -0.0000007 0.0250321 0.0000012
                     
                    }
                   }
                  }
                 }
                }
               }
               $node "LeftHandPinky1" {
                $frame {
                  0.99822 -0.05942 0.00468
                  0.0596 0.99498 -0.08038
                  0.00012 0.08051 0.99675
                  0.0255411 0.0277102 -0.0012659
                 
                }
                $node "LeftHandPinky2" {
                 $frame {
                   0.95067 -0.16271 -0.26409
                   0.15405 0.98662 -0.05334
                   0.26924 0.01002 0.96302
                   0.0000039 0.0714983 0.0000001
                  
                 }
                 $node "LeftHandPinky3" {
                  $frame {
                    1 0 0
                    0.0095 0.5722 -0.82006
                    -0.00671 0.82011 0.57216
                    -0.0000015 0.0272511 0.0000075
                   
                  }
                  $node "LeftHandPinky4" {
                   $frame {
                     0.99557 0.09397 0
                     -0.07879 0.83477 -0.54494
                     -0.05121 0.54253 0.83848
                     0.0000001 0.0225982 -0.0000021
                    
                   }
                   $node "LeftHandPinky5" {
                    $frame {
                      1 0 0
                      0 1 0
                      0 0 1
                      0.0000006 0.0225099 0.000002
                     
                    }
                   }
                  }
                 }
                }
               }
               $node "LeftHandIndex1" {
                $frame {
                  0.96549 0.14751 0.21466
                  -0.14729 0.98895 -0.01709
                  -0.21481 -0.01511 0.97654
                  -0.0266596 0.0269292 -0.0003029
                 
                }
                $node "LeftHandIndex2" {
                 $frame {
                   0.96091 0.27687 -0.00005
                   -0.27511 0.95482 0.11235
                   0.03115 -0.10795 0.99367
                   0.0000032 0.0717249 -0.0000059
                  
                 }
                 $node "LeftHandIndex3" {
                  $frame {
                    1 0 0
                    0 0.7037 -0.7105
                    0.00003 0.7105 0.7037
                    0.000003 0.0380915 0.0000017
                   
                  }
                  $node "LeftHandIndex4" {
                   $frame {
                     1 0 0
                     0.00008 0.86058 -0.50932
                     0.00003 0.50932 0.86058
                     -0.0000009 0.025416 0.0000044
                    
                   }
                   $node "LeftHandIndex5" {
                    $frame {
                      1 0 0
                      0 1 0
                      0 0 1
                      -0.0000006 0.0259695 -0.0000024
                     
                    }
                   }
                  }
                 }
                }
               }
               $node "LeftHandThumb1" {
                $frame {
                  0.07689 0.4156 0.90629
                  -0.30441 0.87537 -0.37559
                  -0.94943 -0.247 0.19382
                  -0.0107149 -0.0063791 -0.0053722
                 
                }
                $node "LeftHandThumb2" {
                 $frame {
                   1 0 0
                   0.00001 0.87841 0.4779
                   0.00003 -0.4779 0.87841
                   -0.0000011 0.0316074 -0.0000001
                  
                 }
                 $node "LeftHandThumb3" {
                  $frame {
                    1 0 0
                    -0.00001 0.87566 -0.48293
                    0.00001 0.48293 0.87566
                    -0.0000034 0.046125 -0.0000002
                   
                  }
                  $node "LeftHandThumb4" {
                   $frame {
                     1 0 0
                     0.00002 0.99804 -0.06259
                     -0 0.06259 0.99804
                     0.000001 0.031869 -0.0000001
                    
                   }
                   $node "LeftHandThumb5" {
                    $frame {
                      1 0 0
                      0 1 0
                      0 0 1
                      -0.0000001 0.0334502 -0.0000046
                     
                    }
                   }
                  }
                 }
                }
               }
              }
              $node "LeftHandUpperVolume" {
               $frame {
                 -0.33994 0.1935 -0.92033
                 0.20796 0.96984 0.1271
                 0.91717 -0.14819 -0.36993
                 0.000004 0.1343848 -0.0000029
                
               }
              }
              $node "LeftHandLowerVolume" {
               $frame {
                 -0.33994 0.1935 -0.92033
                 0.20796 0.96984 0.1271
                 0.91717 -0.14819 -0.36993
                 -0.0000061 0.1343895 -0.0000062
                
               }
              }
             }
            }
           }
          }
         }
         $node "LeftPectoral" {
          $frame {
            0.11139 -0.98907 -0.09659
            -0.00639 -0.09791 0.99517
            -0.99376 -0.11024 -0.01723
            -0.089111 0.1712428 0.1053744
           
          }
         }
         $node "RightPectoral" {
          $frame {
            -0.00628 0.0979 -0.99518
            -0.11139 -0.98907 -0.0966
            -0.99376 0.11025 0.01712
            0.08911 0.171241 0.1053752
           
          }
         }
         $node "LeftShoulderBlade" {
          $frame {
            0.00891 0.0977 -0.99518
            -0.15687 0.98303 0.09511
            0.98758 0.15527 0.02408
            -0.108466 0.2319701 -0.1238529
           
          }
         }
         $node "RightShoulderBlade" {
          $frame {
            -0.00891 0.0977 -0.99518
            0.15687 0.98303 0.09511
            0.98758 -0.15526 -0.02408
            0.10847 0.2319659 -0.1238513
           
          }
         }
         $node "RightShoulder" {
          $frame {
            0.0581 -0.0843 0.99475
            -0.9981 0.01546 0.05961
            -0.02041 -0.99632 -0.08324
            0.062499 0.235454 -0.0243162
           
          }
          $node "RightArm" {
           $frame {
             0.99831 0.03115 0.04914
             0.01445 0.68541 -0.72802
             -0.05636 0.72749 0.6838
             -0.0010852 -0.1093654 -0.0026153
            
           }
           $node "RightArmTwist" {
            $frame {
              1 0 0
              0 1 0
              0 0 1
              0.0000001 -0.1415208 0.0000014
             
            }
            $node "RightForeArm" {
             $frame {
               -0.02422 0.02515 0.99939
               -0.64239 0.76558 -0.03483
               -0.76599 -0.64284 -0.00238
               -0.0000019 -0.1442242 -0.0000083
              
             }
             $node "RightForeArmTwist" {
              $frame {
                1 0 0
                0 1 0
                0 0 1
                -0.0000006 -0.1356521 0.0000063
               
              }
              $node "RightHand" {
               $frame {
                 -0.33993 0.1935 -0.92033
                 0.20796 0.96984 0.1271
                 0.91717 -0.14819 -0.36992
                 0.0000068 -0.1343894 0.0000061
                
               }
               $node "RightHandMiddle1" {
                $frame {
                  0.99795 0.05264 -0.03637
                  -0.05342 0.99836 -0.0207
                  0.03522 0.0226 0.99912
                  0.0112445 -0.0271415 -0.0031554
                 
                }
                $node "RightHandMiddle2" {
                 $frame {
                   0.99829 0.05634 0.0153
                   -0.0552 0.99626 -0.06648
                   -0.01899 0.06552 0.99767
                   -0.0000094 -0.0791453 0.0000006
                  
                 }
                 $node "RightHandMiddle3" {
                  $frame {
                    0.99945 -0.03093 0.01162
                    0.02794 0.60366 -0.79675
                    0.01763 0.79664 0.60419
                    -0.0000013 -0.0399445 -0.0000031
                   
                  }
                  $node "RightHandMiddle4" {
                   $frame {
                     0.99063 0.12871 -0.04567
                     -0.13617 0.90526 -0.40244
                     -0.01046 0.40489 0.91431
                     0.0000017 -0.0297462 -0.0000028
                    
                   }
                   $node "RightHandMiddle5" {
                    $frame {
                      1 0 0
                      0 1 0
                      0 0 1
                      -0.0000003 -0.0231948 0.0000002
                     
                    }
                   }
                  }
                 }
                }
               }
               $node "RightHandRing1" {
                $frame {
                  0.99232 -0.00629 -0.1235
                  0.00406 0.99982 -0.01828
                  0.12359 0.01764 0.99218
                  -0.0038711 -0.0276465 -0.0019879
                 
                }
                $node "RightHandRing2" {
                 $frame {
                   1 0 0
                   0.00004 0.98369 -0.17987
                   0.00007 0.17987 0.98369
                   -0.0000067 -0.0786311 -0.0000052
                  
                 }
                 $node "RightHandRing3" {
                  $frame {
                    1 0 0
                    0.00005 0.47811 -0.8783
                    -0.00008 0.8783 0.47811
                    -0.0000016 -0.033425 -0.0000005
                   
                  }
                  $node "RightHandRing4" {
                   $frame {
                     1 0 0
                     0.00004 0.92802 -0.37252
                     0.00007 0.37252 0.92802
                     0.0000005 -0.0314677 -0.0000017
                    
                   }
                   $node "RightHandRing5" {
                    $frame {
                      1 0 0
                      0 1 0
                      0 0 1
                      0.0000007 -0.0250321 -0.0000013
                     
                    }
                   }
                  }
                 }
                }
               }
               $node "RightHandPinky1" {
                $frame {
                  0.99822 -0.05942 0.00468
                  0.0596 0.99498 -0.08038
                  0.00012 0.08051 0.99675
                  -0.0255414 -0.0277114 0.0012648
                 
                }
                $node "RightHandPinky2" {
                 $frame {
                   0.95067 -0.16271 -0.26409
                   0.15405 0.98662 -0.05334
                   0.26924 0.01002 0.96302
                   -0.0000034 -0.0714987 -0.0000016
                  
                 }
                 $node "RightHandPinky3" {
                  $frame {
                    1 0 0
                    0.00946 0.57217 -0.82008
                    -0.00665 0.82014 0.57213
                    0.0000005 -0.0272505 -0.0000009
                   
                  }
                  $node "RightHandPinky4" {
                   $frame {
                     0.99558 0.09393 0.00006
                     -0.07874 0.83482 -0.54486
                     -0.05123 0.54245 0.83853
                     -0.0000004 -0.0225988 -0.0000014
                    
                   }
                   $node "RightHandPinky5" {
                    $frame {
                      1 0 0
                      0 1 0
                      0 0 1
                      -0.0000006 -0.0225085 0.000001
                     
                    }
                   }
                  }
                 }
                }
               }
               $node "RightHandIndex1" {
                $frame {
                  0.96549 0.14751 0.21466
                  -0.14729 0.98895 -0.01709
                  -0.21481 -0.01511 0.97654
                  0.0266605 -0.0269288 0.0003023
                 
                }
                $node "RightHandIndex2" {
                 $frame {
                   0.96091 0.27687 -0.00005
                   -0.27511 0.95482 0.11235
                   0.03115 -0.10795 0.99367
                   -0.0000021 -0.0717271 0.0000003
                  
                 }
                 $node "RightHandIndex3" {
                  $frame {
                    1 0 0
                    -0 0.7037 -0.7105
                    0.00003 0.7105 0.7037
                    -0.000003 -0.038091 -0.0000004
                   
                  }
                  $node "RightHandIndex4" {
                   $frame {
                     1 0 0
                     0.00008 0.86058 -0.50932
                     0.00003 0.50932 0.86058
                     -0.0000003 -0.0254163 0.0000004
                    
                   }
                   $node "RightHandIndex5" {
                    $frame {
                      1 0 0
                      0 1 0
                      0 0 1
                      0.0000006 -0.0259695 0.0000038
                     
                    }
                   }
                  }
                 }
                }
               }
               $node "RightHandThumb1" {
                $frame {
                  0.0769 0.4156 0.90629
                  -0.30441 0.87536 -0.37559
                  -0.94943 -0.247 0.19383
                  0.0107154 0.0063788 0.0053709
                 
                }
                $node "RightHandThumb2" {
                 $frame {
                   1 0 0
                   0.00001 0.87842 0.4779
                   0.00003 -0.4779 0.87842
                   0 -0.0316066 0.0000009
                  
                 }
                 $node "RightHandThumb3" {
                  $frame {
                    1 0 0
                    -0.00001 0.87566 -0.48292
                    0.00001 0.48292 0.87566
                    -0.0000008 -0.0461254 0.0000003
                   
                  }
                  $node "RightHandThumb4" {
                   $frame {
                     1 0 0
                     0.00002 0.99804 -0.06259
                     -0 0.06259 0.99804
                     -0.0000014 -0.0318684 -0.0000016
                    
                   }
                   $node "RightHandThumb5" {
                    $frame {
                      1 0 0
                      0 1 0
                      0 0 1
                      -0.0000014 -0.0334488 -0.0000011
                     
                    }
                   }
                  }
                 }
                }
               }
               $node "RightHandInbetween" {
                $frame {
                  0.99006 0.1398 -0.01533
                  -0.14062 0.9857 -0.09286
                  0.00213 0.09409 0.99556
                  0.0419757 -0.0639573 0.0249367
                 
                }
               }
               $node "RightHandProp" {
                $frame {
                  -0.62062 0.69703 -0.35914
                  0.74686 0.38601 -0.54147
                  -0.23879 -0.60428 -0.76015
                  0.1475514 -0.0064496 -0.5095403
                 
                }
               }
              }
              $node "RightHandUpperVolume" {
               $frame {
                 -0.33993 0.1935 -0.92033
                 0.20796 0.96984 0.1271
                 0.91717 -0.14819 -0.36992
                 -0.0000034 -0.1343852 0.0000045
                
               }
              }
              $node "RightHandLowerVolume" {
               $frame {
                 -0.33993 0.1935 -0.92033
                 0.20796 0.96984 0.1271
                 0.91717 -0.14819 -0.36992
                 0.0000035 -0.1343887 0.0000057
                
               }
              }
             }
             $node "RightForeArmVolume" {
              $frame {
                0.69849 -0.45984 -0.54833
                0.25309 0.87544 -0.41176
                0.66937 0.14884 0.72787
                0 0 0
               
              }
             }
            }
           }
           $node "RightArmVolume" {
            $frame {
              1 0 0
              0 1 0
              0 0 1
              0 0 0
             
            }
           }
          }
         }
         $node "Neck1" {
          $frame {
            -1 0 0
            -0 0.94463 0.32812
            0 0.32812 -0.94463
            0.000002 0.2903095 0.0000107
           
          }
          $node "Neck2" {
           $frame {
             1 0 0
             0 0.99844 0.05577
             -0 -0.05577 0.99844
             0 0.0499369 0.0000024
            
           }
           $node "Neck3" {
            $frame {
              1 0 0
              0 0.9962 0.08712
              0 -0.08712 0.9962
              -0.000001 0.0478957 -0.0000024
             
            }
            $node "Head" {
             $frame {
               1 0 0
               0 0.99576 0.09199
               -0 -0.09199 0.99576
               0 0.0422677 0.0020532
              
             }
             $node "Camera" {
              $frame {
                1 0 0
                0 1 0
                0 0 1
                0 0 0
               
              }
             }
             $node "RightFacialLipLower" {
              $frame {
                -0.9993 0 -0.0374
                0.0374 0 -0.9993
                0 -1 0
                -0.015702 -0.0061647 -0.1105681
               
              }
             }
             $node "RightFacialLipUpper" {
              $frame {
                -0.9993 0 -0.0374
                0.0374 0 -0.9993
                0 -1 0
                -0.017183 0.0077894 -0.109078
               
              }
             }
             $node "RightFacialLipCorner" {
              $frame {
                -0.9993 0 -0.0374
                0.0374 0 -0.9993
                0 -1 0
                -0.026884 0.0020304 -0.100047
               
              }
             }
             $node "RightFacialChin" {
              $frame {
                -1 0 0
                0 0 -1
                0 -1 0
                -0.02392 -0.0193907 -0.0992921
               
              }
             }
             $node "RightFacialCheekLower" {
              $frame {
                -0.9993 0 -0.0373
                0.0373 0 -0.9993
                0 -1 0
                -0.043372 -0.0035516 -0.083737
               
              }
             }
             $node "RightFacialCheekMiddle" {
              $frame {
                -0.9993 0 -0.0373
                0.0373 0 -0.9993
                0 -1 0
                -0.043767 0.0175692 -0.090221
               
              }
             }
             $node "RightFacialCheekUpper" {
              $frame {
                -0.9993 0 -0.0373
                0.0373 0 -0.9993
                0 -1 0
                -0.052738 0.0492003 -0.0835039
               
              }
             }
             $node "RightFacialEyelidLowerOuter" {
              $frame {
                -1 0 0
                0 0 -1
                0 -1 0
                -0.043092 0.0663502 -0.0856119
               
              }
             }
             $node "RightFacialEyelidLowerMiddle" {
              $frame {
                -1 0 0
                0 0 -1
                0 -1 0
                -0.033556 0.0649903 -0.0915919
               
              }
             }
             $node "RightFacialEyelidLowerInner" {
              $frame {
                -1 0 0
                0 0 -1
                0 -1 0
                -0.022462 0.0667202 -0.0908179
               
              }
             }
             $node "RightFacialEyelidUpperOuter" {
              $frame {
                -1 0 0
                0 0 -1
                0 -1 0
                -0.042217 0.0778001 -0.0870749
               
              }
             }
             $node "RightFacialEyelidUpperMiddle" {
              $frame {
                -1 0 0
                0 0 -1
                0 -1 0
                -0.033248 0.0789401 -0.0921419
               
              }
             }
             $node "RightFacialEyelidUpperInner" {
              $frame {
                -1 0 0
                0 0 -1
                0 -1 0
                -0.022914 0.0764203 -0.0911889
               
              }
             }
             $node "EyeRight" {
              $frame {
                1 0 0
                0 0 -1
                0 1 0
                -0.031609 0.0727793 -0.0788639
               
              }
              $node "EyeRightPupil" {
               $frame {
                 1 0 0
                 0 1 0
                 0 0 1
                 0 0.010363 0.0000011
                
               }
              }
             }
             $node "RightFacialEyebrowOuter" {
              $frame {
                -0.9993 0 -0.0373
                0.0373 0 -0.9993
                0 -1 0
                -0.047929 0.0958102 -0.0891679
               
              }
             }
             $node "RightFacialEyebrowInner" {
              $frame {
                -0.9993 0 -0.0374
                0.0374 0 -0.9993
                0 -1 0
                -0.013969 0.0955602 -0.1089399
               
              }
             }
             $node "RightFacialNoseCorner" {
              $frame {
                -0.9993 0 -0.0374
                0.0374 0 -0.9993
                0 -1 0
                -0.018597 0.0320703 -0.102672
               
              }
             }
             $node "EyeLeft" {
              $frame {
                1 0 0
                0 0 -1
                0 1 0
                0.031835 0.0731663 -0.0792199
               
              }
              $node "EyeLeftPupil" {
               $frame {
                 1 0 0
                 0 1 0
                 0 0 1
                 -0 0.01036 0.0000012
                
               }
              }
             }
             $node "FacialLipUpperMiddle" {
              $frame {
                1 0 0
                0 1 0
                0 0 1
                0.000195 0.0092934 -0.116864
               
              }
             }
             $node "FacialLipLowerMiddle" {
              $frame {
                1 0 0
                0 1 0
                0 0 1
                0.000191 -0.0063127 -0.1152791
               
              }
             }
             $node "LeftFacialLipLower" {
              $frame {
                -1 0 0
                0 0 1
                0 1 0
                0.014777 -0.0049156 -0.113178
               
              }
             }
             $node "LeftFacialLipUpper" {
              $frame {
                -1 0 0
                0 0 1
                0 1 0
                0.017183 0.0077883 -0.111712
               
              }
             }
             $node "LeftFacialLipCorner" {
              $frame {
                -1 0 0
                0 0 1
                0 1 0
                0.02785 0.0032443 -0.103559
               
              }
             }
             $node "LeftFacialChin" {
              $frame {
                -1 0 0
                0 0 1
                0 1 0
                0.023921 -0.0193927 -0.1062371
               
              }
             }
             $node "LeftFacialCheekLower" {
              $frame {
                -1 0 0
                0 0 1
                0 1 0
                0.043372 -0.0035508 -0.09204
               
              }
             }
             $node "LeftFacialCheekMiddle" {
              $frame {
                -1 0 0
                0 0 1
                0 1 0
                0.043767 0.0175742 -0.094379
               
              }
             }
             $node "LeftFacialNoseCorner" {
              $frame {
                -1 0 0
                0 0 1
                0 1 0
                0.018478 0.0320703 -0.103848
               
              }
             }
             $node "LeftFacialCheekUpper" {
              $frame {
                -1 0 0
                0 0 1
                0 1 0
                0.052738 0.0492042 -0.0884869
               
              }
             }
             $node "LeftFacialEyelidLowerOuter" {
              $frame {
                -1 0 0
                0 0 1
                0 1 0
                0.043092 0.0663533 -0.0873409
               
              }
             }
             $node "LeftFacialEyelidLowerMiddle" {
              $frame {
                -1 0 0
                0 0 1
                0 1 0
                0.033556 0.0649893 -0.0922929
               
              }
             }
             $node "LeftFacialEyelidLowerInner" {
              $frame {
                -1 0 0
                0 0 1
                0 1 0
                0.022462 0.0667254 -0.0915089
               
              }
             }
             $node "LeftFacialEyelidUpperMiddle" {
              $frame {
                -1 0 0
                0 0 1
                0 1 0
                0.033249 0.0797433 -0.0921419
               
              }
             }
             $node "LeftFacialEyelidUpperInner" {
              $frame {
                -1 0 0
                0 0 1
                0 1 0
                0.022915 0.0764234 -0.0913739
               
              }
             }
             $node "LeftFacialEyelidUpperOuter" {
              $frame {
                -1 0 0
                0 0 1
                0 1 0
                0.042217 0.0777962 -0.0878029
               
              }
             }
             $node "LeftFacialEyebrowOuter" {
              $frame {
                -1 0 0
                0 0 1
                0 1 0
                0.047929 0.0958112 -0.0905449
               
              }
             }
             $node "LeftFacialEyebrowInner" {
              $frame {
                -1 0 0
                0 0 1
                0 1 0
                0.01397 0.0955633 -0.1089399
               
              }
             }
             $node "FacialJaw" {
              $frame {
                -0 -0.43851 -0.89873
                1 0 0
                0 -0.89873 0.43851
                0.000004 0.0050663 -0.025721
               
              }
              $node "FacialChinMiddle" {
               $frame {
                 1 0 0
                 0 1 0
                 0 0 1
                 0.0960039 0 -0.0000008
                
               }
              }
              $node "FacialTongueBase" {
               $frame {
                 0.81914 0 -0.5736
                 0 1 0
                 0.5736 0 0.81914
                 0.0272034 0 -0.0000006
                
               }
               $node "FacialTongueMiddle" {
                $frame {
                  1 0 0
                  0 1 0
                  0 0 1
                  0.0218043 0 -0.0000008
                 
                }
                $node "FacialTongueTip" {
                 $frame {
                   1 0 0
                   0 1 0
                   0 0 1
                   0.021803 0 0.0000008
                  
                 }
                }
               }
              }
             }
            }
           }
          }
         }
        }
       }
      }
     }
    }
    $node "LeftLegClothF" {
     $frame {
       0 0 1
       0 1 0
       -1 0 0
       -0.102983 -0.017556 0.107164
      
     }
    }
    $node "RightLegClothB" {
     $frame {
       0 1 0
       0 0 1
       1 0 0
       0.103 -0.0178501 -0.093874
      
     }
    }
    $node "LeftLegClothB" {
     $frame {
       0 1 0
       0 0 1
       1 0 0
       -0.103 -0.0178501 -0.093874
      
     }
    }
    $node "RightLeg" {
     $frame {
       -0.99678 -0.0801 -0.00402
       -0.0802 0.99552 0.05016
       -0.00002 0.05032 -0.99873
       0.102571 -0.016123 0.001099
      
     }
     $node "RightLegVolume" {
      $frame {
        1 0 0
        0 1 0
        0 0 1
        0 0 0
       
      }
     }
     $node "RightLegTwist" {
      $frame {
        1 0 0
        0 1 0
        0 0 1
        0.0000066 -0.2113586 -0.0000073
       
      }
      $node "RightKnee" {
       $frame {
         0.99957 -0.02889 -0.00567
         0.02863 0.99876 -0.04081
         0.00684 0.04063 0.99915
         0.0000064 -0.2048966 -0.0000073
        
       }
       $node "RightKneeVolume" {
        $frame {
          1 0 0
          0 1 0
          0 0 1
          0 0 0
         
        }
       }
       $node "RightKneeTwist" {
        $frame {
          1 0 0
          0 1 0
          0 0 1
          -0.0000047 -0.1904053 0.0000043
         
        }
        $node "RightFoot" {
         $frame {
           0.98529 0.11121 -0.12973
           0.06886 0.43642 0.89711
           0.15638 -0.89285 0.42234
           -0.0000033 -0.2178725 0.0000045
          
         }
         $node "RightToe" {
          $frame {
            1 0 0
            0.00052 0.86115 0.50835
            0 -0.50835 0.86115
            0.0000001 -0.140595 0.0000133
           
          }
         }
        }
       }
      }
     }
    }
   }
   $node "Collision" {
    $frame {
      1 0 0
      0 1 0
      0 0 1
      0 0 0
     
    }
   }
  }
 }
 $materials {
  $material "SteveMaterial" {
   #UVset 0
  }
 }
 $lod 0 {
  #lodFactor 0.5
  $bones {
    "Head"
  }
  $mesh "SteveHead" {
   #texCoords 1
   #vertexColors 1
   $faces {
     0 4 0 1 2 3
     0 4 4 5 6 7
     0 4 8 9 10 11
     0 4 12 13 14 15
     0 4 16 17 18 19
     0 4 20 21 22 23
   }
   $faceVerts {
     2 0 0 0
     3 0 1 0
     1 0 2 0
     0 0 3 0
     6 1 4 0
     7 1 5 0
     3 1 6 0
     2 1 7 0
     4 2 8 0
     5 2 9 0
     7 2 5 0
     6 2 4 0
     0 3 3 0
     1 3 2 0
     5 3 9 0
     4 3 8 0
     0 4 10 0
     4 4 11 0
     6 4 5 0
     2 4 9 0
     5 5 12 0
     1 5 10 0
     3 5 9 0
     7 5 2 0
   }
   $verts {
     -0.210025 1.507007 -0.210025 1 0 1
     -0.210025 1.927058 -0.210025 1 0 1
